	HSV1-nCSF10	HSV1-nCSF11	HSV1-nCSF15	HSV1-nCSF7	ERR3316619_NC_00180620	ERR3316622_NC_00180620	ERR3316623_NC_00180620	ERR3316627_NC_00180620
HSV1-nCSF10	0	0.00646898933401631	0.00413916175778055	0.00452316885946811	0.00421087396276266	0.00019818822927075	0.00646466314398943	0.00415561669186474
HSV1-nCSF11	0.00646898933401631	0	0.00511671736542785	0.00670170393508189	0.00642943325124374	0.00664512236447339	9.08873080005618e-05	0.00517586360855258
HSV1-nCSF15	0.00413916175778055	0.00511671736542785	0	0.00637721385144066	0.0061051674996902	0.00432975550102047	0.00518781029796866	0.000148764018942618
HSV1-nCSF7	0.00452316885946811	0.00670170393508189	0.00637721385144066	0	0.000924679870875061	0.00467393907363518	0.00674526510460527	0.00641062710142174
ERR3316619_NC_00180620	0.00421087396276266	0.00642943325124374	0.0061051674996902	0.000924679870875061	0	0.00334486195754701	0.00519785939055433	0.00494968945783949
ERR3316622_NC_00180620	0.00019818822927075	0.00664512236447339	0.00432975550102047	0.00467393907363518	0.00334486195754701	0	0.00532455717878739	0.00350751027829414
ERR3316623_NC_00180620	0.00646466314398943	9.08873080005618e-05	0.00518781029796866	0.00674526510460527	0.00519785939055433	0.00532455717878739	0	0.00418946126782046
ERR3316627_NC_00180620	0.00415561669186474	0.00517586360855258	0.000148764018942618	0.00641062710142174	0.00494968945783949	0.00350751027829414	0.00418946126782046	0
